10,218
10,296
10,158
10,264
10,204
10,118
10,64
10,2
10,3
9,7
9,4
9,6
9,2
9,3
8,12
8,17
8,6
8,5
35,14
35,13
35,12
35,11
35,10
35,9
35,8
35,7
35,6
35,4
35,3
35,2
35,1
35,0
34,7
34,6
34,5
34,4
34,3
34,2
34,1
34,0
33,18
33,17
33,16
33,15
33,14
33,13
33,12
33,11
33,10
33,9
33,8
28,3
28,1
27,5
27,4
27,3
27,1
26,4
26,3
26,1
25,5
25,4
25,3
25,1
24,4
24,3
24,1
20,3
20,2
20,1
19,3
19,2
19,1
18,1
12,3
12,2
18,3
14,1
12,1
11,30
11,29
11,28
11,27
11,26
11,25
11,24
11,23
11,21
11,20
11,19
11,18
11,17
11,16
11,15
11,14
11,13
11,12
11,11
11,10
11,9
11,8
11,7
11,6
11,5
11,4
11,3
11,2
11,1
10,314
10,304
10,295
10,284
10,247
10,241
10,238
10,167
